10000
10009
10014
10019
10029
10031
10051
10053
10056
10064
10075
10079
10080
10082
10083
10084
10085
10086
10087
10089
10090
10093
10094
10097
10117
10119
10120
10124
10126
10128
10136
10144
10145
10150
10161
10165
10167
10168
10174
10176
10177
10180
10182
10198
10199
10200
10201
10202
10203
10204
10205
10206
10207
10208
1021
10215
10219
1022
1023
1024
10243
10244
10245
10247
10249
1025
10251
10252
10255
10257
10259
1026
10260
10262
10263
10265
10267
10268
10269
1027
10276
10277
10279
10281
10282
10285
10288
10291
10292
10303
10306
1031
10311
10312
10315
10316
10318
10323
10324
10330
10334
10337
10340
10349
10350
10354
10356
10357
10363
10366
10370
10371
10372
10376
10382
10386
10388
10394
10396
10401
10405
10417
10422
10430
10437
10447
10455
10456
10464
10477
10478
10483
10490
10491
10493
10495
10498
10504
10507
10515
10522
10524
10532
10535
10538
10541
10580
10584
10587
10588
10589
10593
10594
10604
10605
10608
10609
10611
10612
10614
10618
10628
10633
10634
10637
10649
10650
10651
10653
10655
10678
10682
10691
10692
10696
10700
10701
10702
10705
10706
10707
10708
10709
10712
10714
10715
10721
10722
10724
10726
10733
10737
10739
10742
10765
10769
10772
10773
10776
10782
10786
10790
10791
10793
10794
10797
10798
10799
108
10801
10803
10806
10821
10822
10823
10830
10834
10836
10841
10845
10849
10851
10853
10855
10865
10867
10869
10871
10874
10882
10884
10889
10890
10893
10895
10896
10905
10927
10929
10930
10931
10933
10941
10945
10946
10947
10949
10956
10957
10959
10961
10967
10970
10972
10973
10975
10977
10978
10980
10982
10985
10987
10989
1099
10993
10995
10997
11000
11009
1101
11012
11015
1102
11024
11032
11037
11038
11039
1104
11040
11041
11042
11043
11051
11057
11060
1107
11071
11075
11078
11079
1109
11090
11093
11096
1110
11100
11103
11104
11108
11117
11132
11133
11136
11137
11156
11160
11163
11164
11165
11168
11175
11176
11190
11192
11195
11198
11199
11200
11209
1121
11210
11215
11216
11218
11224
11225
11226
11227
11229
11240
11243
11244
11249
11253
11255
11258
11269
11271
11272
11283
11286
11395
11396
11399
114
11400
11404
11407
11414
11417
11418
11421
11424
11427
11430
11434
11437
11438
11439
11443
11449
11454
11456
11460
11463
11466
11470
11471
11474
11479
11480
11485
11489
11497
11498
11501
11509
11510
11511
11512
11513
11514
11515
11516
11523
11526
11574
11575
11580
11581
11604
11605
11613
11614
11621
11622
11639
11645
11647
11650
11669
11670
11672
11675
11676
11679
11681
11688
11691
11693
11695
11697
11701
11702
11705
11713
11717
11728
11729
11731
11732
11736
11737
11738
11739
11740
11780
11781
11783
11784
11786
11787
11808
11811
11812
11814
11816
11817
11818
11819
11824
11825
11826
11828
11829
1183
1184
11859
11868
11888
11904
11906
11908
11909
11912
11913
11914
11916
11931
11943
11960
11962
11964
11966
11967
11972
11973
11974
11975
11977
11988
11993
11994
11995
11997
11998
11999
1200
12000
12001
12002
12005
1201
12347
12354
12355
124
1243
1246
125
1259
1260
1261
12815
12871
12880
12881
12882
12888
12890
12894
1290
1291
12915
12945
12948
12949
12952
12955
12959
12962
12963
12964
12969
12974
12975
12976
12982
12983
12985
12986
12998
12999
13000
13006
13008
13010
13024
13031
13039
13040
13045
13052
13058
13067
13068
13076
13082
13089
13092
13097
13117
13132
13143
13144
13162
132
13203
13204
1321
13214
1322
1323
13240
13244
13255
13257
1326
1327
13273
13275
1328
13280
13281
13288
13294
13297
13298
13299
133
1330
13300
13302
1331
13312
1332
13320
13332
13333
13335
13343
13344
13345
13346
13366
13369
13370
13372
13374
13388
13389
1339
13390
13408
13413
13419
13425
13431
13432
13433
13439
13444
13485
13488
13491
13528
13533
13539
13540
13541
13544
13548
1355
13551
13554
13557
13558
1356
13566
13568
13569
1357
13577
13579
13594
13595
13597
13599
136
1360
13600
1361
13617
13618
13620
13625
13628
13629
1363
13638
13644
13647
13650
13653
1366
13661
13662
13664
13666
1367
1368
13680
13688
1369
13694
13697
13698
13699
1371
13716
13717
13719
1372
13720
13723
1373
1374
13749
13753
13754
13757
13760
13763
13767
13779
13783
13784
13787
1379
13791
13795
13799
13803
13807
13810
13817
13832
13835
13841
13856
13858
13859
13875
13877
13879
13881
13891
13892
13893
13894
13895
13896
139
13945
13948
13951
13963
13964
13976
13977
13978
13979
13980
13981
13987
14006
14007
14008
14011
14014
14016
14017
14018
14020
14021
14022
14025
14032
14046
14047
14050
14053
14056
14058
14059
14060
14061
14062
14063
14081
14086
14102
14103
14107
14108
14112
14113
14114
14115
14116
14119
14123
14128
14131
14134
14136
14139
14140
14144
14147
14151
14153
14161
14166
14170
14175
14176
14177
14183
14187
14193
14197
14201
14205
14255
14270
14271
14272
14274
14278
14279
14281
14282
14289
14290
14294
14307
14308
14314
14315
14316
14317
14319
14332
14333
14336
14342
14349
14351
14370
14373
14377
14379
14387
14389
14392
14395
14397
14402
14404
14409
14414
1442
14425
14429
14433
14435
14437
14439
14440
14441
14443
1445
14451
14477
14478
1448
14489
1449
14496
14504
1451
14513
14521
14522
14525
14529
1453
14531
14533
14547
14549
14550
14552
1457
14571
14572
1461
1464
1465
1470
14711
14717
14718
14727
1473
14733
14734
14744
14747
14758
14759
14761
14762
14764
14765
14766
14767
14774
14776
14777
14785
14790
14799
14803
14804
14806
14808
14814
14816
14818
14819
14838
14842
14877
14878
14879
14880
14881
14888
14889
14890
14891
14892
14895
14897
14923
14933
1494
14946
14949
1495
14952
14954
14955
14956
14957
14958
14959
1496
14960
14966
14971
14972
14987
14989
14991
14992
15009
15013
15015
15018
15019
15022
15024
15025
15028
15029
15030
15040
15044
15051
15052
15055
15061
15063
15068
15069
15080
15081
15084
15096
15109
15116
15118
15119
15120
15121
15124
15125
15126
15130
15131
15133
15136
15141
15147
15150
15166
15173
15177
15179
15184
15185
15186
15187
15188
15191
15192
15193
15195
15199
15200
15202
15203
15204
15206
15216
15218
15220
15222
15230
15237
15238
15240
15247
1527
15287
15288
15290
15292
15293
153
15302
15304
15306
15308
15320
15328
15333
15338
15343
15348
15352
15353
15355
15360
15361
15362
15363
15364
15365
15366
15367
15369
15370
15372
15375
15376
15377
15378
15379
15380
15382
15384
15386
15387
15393
15394
154
15401
15402
15403
15404
15405
15406
15409
15410
15411
15413
15415
15417
15419
15420
15431
15432
15435
15436
1544
15457
15459
15460
15462
15482
15484
156
15605
1573
1575
1576
1578
1588
1594
1595
1599
1601
1602
1624
1627
1632
1636
1637
1638
1639
1640
16468
16469
16495
16497
1654
1655
1656
1662
1663
1664
1665
1675
1686
1689
1705
1706
1712
1715
1718
1719
1723
1724
1725
1728
1733
1736
1748
1752
1755
1759
176
1764
1765
1768
1769
1776
178
1787
1788
179
1802
1805
1809
1810
1817
18191
1827
1833
18392
18394
184
1840
1841
1842
1845
1848
1849
1850
1851
1853
1854
1856
1859
1860
1865
1866
1867
1869
1872
1873
18743
18749
1877
1878
1880
1881
1885
1897
1910
1922
1925
1931
1934
1935
1938
1939
1943
1944
1946
1948
195
1953
1956
1965
1966
1968
1972
1973
1974
1975
1976
1977
1978
1979
1980
1981
1982
1983
1984
1986
1988
1989
1990
1991
1992
1993
1994
1996
2000
2001
2002
2003
2005
2006
2007
2008
201
2018
2019
202
2023
2024
203
2030
2038
2039
2041
2049
2057
2058
2059
2060
2061
2069
2070
2071
2072
2073
2075
2077
2097
2103
2112
2113
2114
2118
2122
2123
2127
2128
2130
2134
2136
2137
2139
2140
2141
2142
2143
2144
2145
2146
2147
2148
2149
2155
2156
2160
2161
2162
2165
2166
2171
2172
2173
2174
2175
2177
2179
2180
2181
2184
2185
2189
2190
2194
2195
2196
22206
22211
22212
2224
2226
2227
2228
223
2230
2231
22328
22330
22331
22333
22334
22335
22336
22337
22338
22339
22340
22341
22342
2236
2238
22381
22383
22386
2239
22435
22437
22439
2244
2245
2246
2247
2248
22483
22485
22486
2249
22492
2253
2258
2260
2265
2266
2268
2269
2270
22728
22730
22740
22751
2276
22768
2277
22784
2280
22804
2281
2282
22825
22838
2284
22844
2285
22855
2286
22866
2288
22886
2291
22922
22954
23
2300
2301
2303
2307
23079
23080
23087
2309
23091
23093
23099
2312
2314
23147
23150
23156
23181
23186
23193
2320
23203
2321
23213
23229
2323
23246
2326
23269
2327
23278
2330
23317
23341
23344
23383
23384
23395
23399
23409
23417
2342
2343
23435
23444
23448
23451
23461
23516
23517
23520
23522
23534
23536
23553
23556
23562
23566
23573
23585
23588
2359
23592
23593
23594
2361
2362
2363
2364
2365
2366
23674
23676
2368
2369
2371
23711
23712
23713
23714
23716
23717
23718
23720
2376
23768
23769
2377
23770
23797
23799
2381
2382
2383
2384
2385
2386
23865
2387
23871
2388
23887
2389
23901
2398
2401
24031
24033
2404
24042
24062
24083
24097
2410
24114
24131
24140
24143
24145
24153
24154
24155
2416
24173
24175
24177
2419
24199
24202
24204
24206
2422
24227
24240
24242
2425
24263
24264
2428
24288
24292
24301
24303
24313
24332
24334
24336
2434
24352
24363
24364
24365
24369
2437
24386
24395
2440
24413
2443
24452
2446
24466
24468
2447
24471
24472
24476
2448
2450
24501
24503
24504
24505
2451
24511
24514
2453
2454
24542
24549
2455
2456
24561
24564
2457
2459
2460
2461
2462
2463
24635
2464
2465
24654
2466
24679
2469
24694
24696
2470
2471
2474
2475
2476
24770
2479
24794
2480
2481
24812
24836
2484
2485
2486
24868
24869
2489
24890
24893
2490
2491
24919
24921
24927
2494
2495
2496
24966
24992
25
25000
2501
25010
25039
25048
2506
25070
25071
25095
25103
25104
25105
2511
25168
25184
25194
25208
25218
2522
25232
25233
25274
25276
25293
25296
25307
25320
25332
25344
25354
25367
25377
25378
2538
25383
2539
25395
25399
2540
2542
2543
25436
25438
2544
2545
25453
25458
2546
2547
25473
25475
25478
2548
25485
25487
25494
2550
25538
25585
25604
25605
25607
25672
25673
25676
25677
2568
2571
25711
25715
25734
25735
25739
2574
25740
25741
25749
25752
25754
25755
25769
25771
25773
25775
25801
25803
25806
25809
25812
25826
25838
25839
25859
25887
25891
25897
25898
25902
25903
25904
25908
25913
25918
25919
2592
25922
2593
25945
25947
2595
25959
25961
2597
25997
26
26002
26024
26026
26028
26042
26045
26047
26048
26049
26050
26062
26065
26069
26074
26079
26089
26092
26118
26154
26157
26166
26168
26170
26175
26184
26198
26209
26283
26465
26471
265
26503
26505
26521
2658
26593
266
26600
26601
2663
26636
26637
2665
26653
26668
2668
26693
267
2670
2671
26718
26721
26740
26741
2676
26768
2677
26770
2678
26790
26793
26798
268
26800
26837
26838
2684
26844
26846
26848
26849
2685
26857
26858
26870
26873
26880
26882
26892
26907
26908
26939
2695
26974
26976
26997
27
27001
27003
27017
2702
27022
27025
27031
27033
2705
27054
27055
27057
27061
27079
27080
27083
27086
27094
27096
27104
27110
2712
27128
2713
27130
2734
2739
2740
2742
2743
2745
2747
2750
2751
2753
2754
2755
2758
27594
27633
27635
27680
27740
2797
2801
2802
2807
28082
28087
28089
28107
28109
2811
28140
2815
2819
2820
2821
28216
2822
28220
2834
2835
2838
2839
28393
28412
28422
2844
28443
28450
2846
28461
28484
28494
28507
28530
28534
28553
28554
28577
28611
28612
28624
28631
28639
28642
2865
28660
28662
28669
2867
28672
2868
28685
28688
28701
28704
28719
28722
28731
28739
28749
28751
28764
28768
2877
2878
2879
28802
28804
28814
28817
28820
28822
28847
28853
28867
28873
28884
28892
28910
28911
2892
2893
28935
28937
2894
28949
28953
28955
2896
28975
28978
2898
28987
2900
29010
29013
29034
29045
2905
29068
29073
29076
29084
29086
29090
29105
29107
29109
2911
29120
29123
29126
29132
29135
29137
2914
29156
29158
29159
2916
29179
29182
29184
29192
29196
29206
29211
29216
29219
2923
29230
29231
29235
29254
29255
29257
29262
29270
29284
29291
29292
29300
29311
29314
29321
29336
29338
29341
29342
29355
29356
29378
29380
29387
29399
29421
29424
29425
29426
29443
29444
29445
29449
29452
29458
29463
29469
29471
29474
29476
29478
29507
29508
29509
29525
29527
29529
29545
29547
29561
29562
29576
2962
2963
2964
29648
2966
29660
29661
29662
29667
29669
2967
29674
29676
2968
29681
29682
29683
29686
29691
2970
29705
2971
29715
29719
2972
29722
29723
29729
29730
29740
29741
29743
29744
29745
29746
29747
29748
29749
2975
29750
29752
29753
29754
29755
29758
2976
29762
29763
29764
29765
29767
29769
2977
29770
29771
29772
29773
29774
29775
29776
29777
29778
29779
29786
29787
29788
29793
29794
2980
29804
29805
29807
29808
2981
29810
29812
29814
29816
29817
2982
29820
29821
29822
2985
29851
29852
29854
29855
29857
29859
2986
2987
2988
2989
2991
2992
2994
2995
3002
3005
3024
3025
3026
3032
3033
30373
3039
30405
3043
30453
3047
30475
3050
30507
30510
3053
3057
30602
30665
3083
3084
3086
3089
3090
3091
3092
3093
3094
3096
3098
3099
3100
3103
3104
3105
3107
3108
3110
3114
3115
3116
3117
3127
3128
3138
3140
3150
3163
3168
3169
3170
3171
3172
3179
3180
3181
3182
3189
3195
3203
3205
3209
3211
3217
3219
322
3220
3223
3226
3229
323
3230
3231
3232
3233
3234
3235
3236
3237
3238
3240
3241
3242
3243
3244
3245
3247
3248
3250
3251
3254
3255
3256
3258
3268
3269
3270
3271
3272
3273
3274
3275
3276
3277
3278
3279
3281
3282
3283
3287
329
3291
3292
3299
3300
3301
3302
3304
3315
3316
3322
3323
3324
3339
3340
3341
3342
3348
335
3350
3352
3353
3354
3358
3360
3361
3363
3367
3369
3371
3372
338
341
343
3448
3450
3451
3456
3457
3460
3464
3488
3490
3492
3493
3494
3495
3496
3502
3503
3506
3508
3509
3510
3511
3512
3513
3514
3515
3516
3517
3545
3546
3547
3548
3549
3562
3564
3566
3567
3568
3569
3570
3571
3572
3573
3574
3575
3576
3577
3585
3588
3590
3592
3594
3596
3599
3602
3603
3606
3607
3608
3609
3612
3613
3616
3617
3626
3630
3631
3632
3642
3643
3644
3646
3647
3649
3650
3651
3652
3656
3659
3660
3661
3662
3663
3669
367
3670
3672
3673
3675
3677
3678
3679
3681
3699
3702
3703
3704
3708
3709
371
3711
3712
3713
3716
3717
3718
3720
3721
3727
374
3747
3748
3766
3767
377
3780
3781
3801
3803
3806
3807
3820
3821
3830
3832
3833
3851
3852
3853
3856
3857
3858
3861
3862
3863
3869
387
3871
3872
3874
3877
3878
388
3881
3882
3883
3884
389
3890
3891
3892
3893
3894
3895
3896
3897
3898
3899
390
3900
3901
3903
3904
3905
3906
39092
3911
39119
3912
39120
3913
39146
39147
3915
39157
3916
39162
3917
3918
39186
3919
3920
39204
3921
3922
3923
3924
3925
3927
3928
393
39307
39310
39330
39334
39337
39340
39527
39549
39621
39659
3974
3978
3982
3986
3990
39929
39940
3995
400
4000
4005
40078
4010
40141
4015
4026
40326
40334
40346
404
4041
40496
405
4054
4067
40684
4069
4077
40789
40795
4080
4081
4082
4085
4087
40896
4090
4091
40911
40925
4097
4100
41006
4101
4102
4105
4106
4108
4111
41112
41233
41240
41277
41295
41333
41344
41380
41396
41652
41656
41660
41738
41739
41740
41815
41828
41834
41997
4218
42189
4219
42193
42211
42216
42243
42245
42268
42272
42302
42309
42312
42316
42317
42318
42323
42324
42325
4234
4239
42392
42393
42395
4243
42444
4245
42460
42469
42473
4249
4252
42521
42559
4258
426
4261
42633
42639
42717
42719
42722
4275
4277
42835
42842
42855
4288
42909
42944
4298
4299
430
4300
43004
4302
4303
43040
43063
43081
431
43131
43206
4321
43245
4325
4329
43328
4337
4345
4349
4353
43552
4361
4362
43631
43635
43687
43726
43740
43818
43849
4387
4392
4393
4397
4401
4404
4408
441
442
44248
44250
44282
44284
443
44309
44333
44342
44374
44375
444
44429
44434
445
44564
44568
44570
446
44643
44646
4465
44659
44660
4468
44689
4469
44698
447
44730
44732
4474
4475
4479
44799
4480
44807
4483
4484
44843
44848
4485
44871
44874
4489
44894
44897
44906
44907
44928
44932
44946
44947
44959
44962
45000
45001
45022
45024
45034
45036
45065
45071
45073
45087
45089
45094
45199
45200
45202
45274
45291
45294
45317
45323
45339
45364
45383
45397
45563
45566
45570
45574
45576
45577
45583
45585
45588
45589
45597
45605
4561
45613
45619
45624
45631
45633
45644
45646
4565
45650
45658
45661
45663
45664
45668
45670
45677
45683
4569
45692
45702
45704
45713
45715
45724
45726
45727
45731
45741
45745
45746
45747
45749
45750
45751
45752
45753
45754
45755
45757
45758
45759
45760
45761
45763
45769
45772
45773
45774
45775
45777
45778
45779
4578
45780
45781
45783
45784
45785
45786
45788
45789
45790
45793
45794
45795
45796
45797
45802
45804
4581
45812
45813
45814
45815
45816
45817
45819
45820
45821
45822
45823
45824
45825
45826
45827
45828
45829
45830
45831
45832
45834
45837
45839
45842
45844
459
46073
46076
461
4611
4612
4613
4614
462
4620
4621
4624
4625
4629
463
4630
4631
4634
4635
4636
4637
4638
4639
4640
46400
4641
46422
4643
4645
4646
46465
4647
4648
46484
46485
46487
46489
4649
46492
46497
4650
4651
4652
4653
4654
4657
4658
4661
46642
46644
4665
46664
46665
46667
46686
46687
46688
4669
467
4670
46707
4671
4672
4673
4675
4678
4679
468
4681
4684
4685
4687
4690
4691
46977
4698
46980
4699
470
4703
4704
4705
47077
4708
47083
4709
47093
47097
471
47102
47105
47106
4711
47111
4712
47122
47128
4713
47133
47137
47151
4716
4717
4718
4720
4721
47229
4723
47232
47236
47241
47247
47254
47259
4728
47280
47283
4729
47320
47332
47348
4735
47353
47357
4736
4737
474
4740
47409
4741
47416
47420
4743
47432
47441
4749
47492
475
4750
4752
47530
4754
4755
47555
47556
47557
4757
4758
47586
4759
47591
47597
47599
476
4760
47605
4762
47628
47633
47636
47638
47666
47670
47673
47696
477
47701
47707
47709
47715
4774
47740
47744
47748
47750
47822
47827
47831
47835
47837
47840
47841
47849
47850
47852
47855
47857
47873
47930
47934
47935
47936
47941
47945
47960
47961
4799
47991
4800
4801
4802
4803
48059
48075
48079
48091
48093
48192
48196
48197
4828
48285
48289
4829
48302
48304
48305
48312
48314
48318
4832
48361
48370
48371
4840
48408
4844
4847
4848
4849
4852
4853
4856
4857
4858
4859
48593
48596
4860
4861
4862
4863
4864
4870
4872
48728
4873
48771
48781
48784
48788
48789
48792
48793
48797
4880
4881
48813
48817
4882
48836
48837
48838
4884
48841
48847
4885
48854
48855
48857
48863
48864
48865
48867
48868
48879
4888
48880
48894
489
48946
48947
48959
48960
48963
48966
48969
48977
48999
49003
49004
49006
4901
49018
49035
49036
4905
49051
49052
49055
49064
49116
49120
4914
49147
4916
49163
49164
4917
4918
49180
49183
49186
4919
4920
4921
4922
49221
49225
49297
49301
49302
49303
49304
49305
49307
49310
49311
49312
49314
49318
49320
49322
49324
49326
49328
49330
49333
49338
49343
49359
49366
49368
49369
4937
49371
49375
49376
49377
49378
4938
4939
4940
4941
4942
4943
49430
49431
49433
49436
4944
49440
49445
49447
4945
49452
4946
4947
49475
49476
49477
49479
4948
49480
4949
495
4950
49501
49502
49503
49515
49516
49517
49518
49519
49520
4953
49532
49541
49551
49552
49553
49581
496
49602
49608
49612
49615
49616
49622
49632
49633
49634
49641
49647
49648
4966
4967
49671
49672
4968
4969
4977
4979
49796
49800
49801
49803
49818
49819
49843
49866
49877
49886
49895
49898
49900
49905
49907
49913
49923
49934
49935
49936
49937
49939
49946
49951
49970
49980
49986
49987
49988
49989
500
50023
5032
5033
50405
50409
50415
50416
50417
50427
5045
5046
5047
50473
50486
50487
50489
50490
50492
50493
50496
50498
50499
50502
50514
50515
50516
50520
50522
50525
50526
50527
50528
50530
50531
50532
50536
50537
50538
50539
50542
50543
50544
50546
50547
50548
50549
5059
5060
5061
50611
50614
50615
50624
50627
50644
50645
50648
50650
50660
50664
50665
5069
5070
50708
50709
5073
50737
50739
5074
50740
50741
50747
50749
50758
50765
50766
50772
50773
50774
5078
50787
5079
50811
50814
50822
50824
50825
50826
50829
50831
50834
50837
5086
50864
50868
50869
5087
50876
50877
50878
50879
50886
50887
50895
50899
50901
50908
50910
50911
50912
50913
50914
50915
50916
50917
50920
50921
50924
50934
5094
50941
50943
50944
50948
5095
50953
5098
50982
50983
50985
5099
51001
51010
51012
51017
5102
51020
51023
51027
51028
5103
51030
51047
5105
5106
51076
5109
5110
51105
51132
51156
51191
51192
51211
51283
51288
51292
51309
51310
51311
51312
51314
51316
51317
51320
51392
51395
5145
5147
51487
51488
51489
5149
51494
51496
51497
5150
51501
51502
51504
5151
51511
51512
51513
5153
5154
5156
5158
51580
51586
5160
5161
51616
5162
51620
51624
51629
5163
51647
51652
51657
51662
51667
51673
5168
51680
51693
51695
517
51706
51708
51712
51716
51722
51723
518
5184
519
5196
5197
5199
5204
5207
5212
5219
5220
5224
5229
5230
5233
5234
5237
524
5241
5249
525
5252
5254
5257
5258
5259
526
5260
5261
5263
5264
5265
5266
5271
5272
5275
5276
5277
5278
5280
5282
5283
5284
5285
5286
5289
5293
5294
5295
5296
5297
5302
5307
5312
5316
5319
5320
5321
5322
5323
5324
5325
5326
5329
5330
5333
5335
5337
5339
539
5403
5405
5406
5414
5418
5422
5443
5446
5452
5453
546
5496
5497
5503
5507
5508
5521
5522
553
558
559
5605
5641
5643
5645
5659
5660
5715
5724
5725
5733
5750
5774
5793
5794
5853
5857
5863
5864
5865
5866
5877
5878
5879
5880
5890
5899
5907
5918
5919
592
5920
5921
5922
5926
5927
5928
5929
593
5930
5931
5934
5935
594
5942
5946
5950
5951
5954
5958
596
5964
5965
597
5970
5971
5972
5975
5984
5985
5986
5987
5988
5989
5990
5991
5992
5993
5994
5995
5996
5997
5998
5999
6000
6001
6002
6003
6004
6005
6006
6007
6008
6009
6010
6011
6021
6022
6023
6024
603
6030
6032
6033
6034
6035
6036
6037
6038
6054
6055
6058
6059
6061
6064
6069
607
6070
6078
6079
6084
6085
6086
6087
6089
6093
6094
613
6134
6138
614
6151
6156
6159
616
6160
617
618
619
621
6212
6217
6218
6219
622
6220
6222
6223
6224
6225
6227
6228
6229
6231
6232
6233
6234
6235
6238
6239
624
6241
6244
6245
6246
6248
6250
6255
6256
6257
626
6262
6265
6268
6269
627
6273
6274
6275
6280
6281
6282
629
6290
6296
6297
6298
6299
630
6300
6305
6307
6308
632
6320
6323
6326
633
6331
6332
6333
6334
6335
6336
6337
6339
6341
6342
6344
6345
6346
6347
6348
635
6353
6354
6356
6362
6366
6367
6368
6369
637
6370
6386
6387
6388
639
6395
6396
6398
6399
6400
6408
6409
6422
6423
6424
6445
6452
649
650
652
6562
6576
6577
6598
6599
6613
6614
6624
6625
6638
6644
6647
6648
6649
6650
6653
6668
6669
6673
6676
6677
6680
6681
6682
6683
6690
6691
6692
6706
6708
6709
6710
6711
6718
6721
6724
674
6740
6741
6742
6744
6745
6746
6749
675
6755
6759
676
677
6775
6784
6787
6789
679
6793
6796
68
680
6801
681
6810
6814
6815
682
6825
6826
6828
6830
6836
6837
684
6846
6847
6848
686
688
69
6902
6903
6904
6906
6907
693
694
695
696
6965
6969
697
7016
7018
7019
7020
7021
7023
7024
7025
7026
705
706
707
7075
7077
7078
7092
7093
7102
711
712
714
7173
7174
718
7185
7186
7188
7189
7190
7191
7192
721
7222
7239
724
7243
7260
7284
7291
7293
7294
7299
73
730
7304
7310
732
7329
7332
7334
7336
7338
7343
7344
7348
7350
7358
736
7360
7362
7365
739
7399
740
7410
7411
7412
7413
7421
7427
7430
7444
7457
7458
7459
7464
7470
7473
7474
7481
7484
7485
7498
7499
75
7501
7512
7515
7517
7520
7523
7525
7528
7549
7550
7552
7553
7554
7555
7561
7562
7564
7587
7589
7592
7599
76
7602
7603
7604
7607
7608
7609
7612
7618
7619
7624
7625
7628
7633
7636
7637
7644
7660
7661
7672
7681
7684
7693
7696
770
7707
7713
7714
7718
7719
7721
7723
7724
7726
773
7731
7732
7737
7740
7743
7747
7748
7752
7753
7754
7756
7757
7760
7763
7764
7766
7767
7776
7787
7792
78
7801
7812
7820
7824
7827
7828
7829
7832
7836
7837
7838
7840
7841
7848
7851
7859
7869
7872
7875
7876
7878
7879
7880
7882
7883
7884
7885
7886
7887
7889
7899
79
7914
7916
7917
7918
7922
7931
7932
7933
7934
7935
7937
7938
7939
7941
7942
7943
7944
7945
7946
7948
7949
7950
7951
7952
7953
7954
7956
7957
7959
7960
7961
7962
7963
7964
7966
7967
7968
7969
7971
7972
7974
7975
7985
7986
7987
7992
7993
7994
8003
8009
8016
8020
8023
8025
8026
803
8039
8043
8046
8053
8066
8068
807
8074
8075
8079
8081
8085
8087
8091
8093
8103
8106
811
8134
8157
8167
8179
8185
8192
8196
8199
8202
8224
8228
8229
8232
8233
8237
8238
8241
8243
8253
8259
8260
8261
8262
8264
8271
8272
8278
8280
8298
8308
8309
831
8313
8314
8315
8319
832
8323
8326
8333
8337
8341
8344
8346
8348
8349
8352
8355
8356
8361
8364
8367
8368
8371
8372
8375
8376
8379
8380
8383
8393
8397
8400
8408
8410
8412
8413
8414
8416
8420
8424
8428
8432
8436
8440
8443
8447
8460
8463
8472
8476
8487
8489
8490
8495
8500
8504
8505
8514
8515
8517
8518
8520
8521
8523
8529
8530
8534
8535
8537
8547
8549
8555
8556
8562
8568
8569
8572
8575
8576
8580
8582
8591
860
8629
8630
8631
8632
8633
8634
8635
8638
8640
8653
8654
8655
8658
8659
8672
8673
8674
8677
8678
8691
8692
8697
87
8707
8710
8729
8730
8732
8734
8736
8750
8751
8754
8756
8757
8762
8763
8766
8774
8782
8785
8786
8787
8790
8791
8792
8796
88
8800
8821
8828
8847
8850
8851
8853
8857
8859
8860
8861
8863
8864
8866
8867
8877
8881
8911
8927
8953
8970
8971
8974
8975
8981
8986
8995
8997
9001
9004
9008
9025
9027
9030
9035
9037
9040
9044
9045
9046
9050
9051
9056
9068
9069
9074
9075
9076
9077
9078
9080
9081
9082
9083
9084
9102
9104
9105
9116
9117
9119
9125
9126
9127
9128
9129
9130
9132
9142
9149
9150
9175
9196
9200
9201
9204
9205
9208
9209
9210
9211
9212
9214
9220
9221
9222
9223
9226
9227
9239
9243
9244
9250
9256
9259
9260
9261
9263
9264
9265
9268
9269
9270
9271
9278
9282
9283
9284
9285
9286
9290
9292
9293
9300
9309
9340
9350
9353
9360
9368
9373
9374
9376
9377
9378
9382
9383
9384
9385
9389
9391
9394
9395
9396
9404
9408
9417
9420
9421
9422
9424
9425
9442
9464
9465
9467
9468
9472
9475
9478
9481
9492
9498
9508
9514
9517
9518
9519
9520
9522
9523
9525
9530
9531
9533
9534
9535
9537
9538
9541
9542
9545
9548
9549
9562
9564
9566
9573
9585
9586
9597
9600
9601
9612
9615
9616
9618
9621
9623
9626
9638
9644
9648
9650
9651
9654
9655
9667
9668
9669
9671
9672
9673
9678
9682
9688
9691
972
9720
9729
973
974
9747
9748
9753
9756
9759
976
9762
9764
9765
9767
9768
9769
9770
9771
9772
9774
9775
9777
9778
978
9780
9783
9786
9789
9792
9795
9813
982
983
9831
9833
9834
9835
9839
9847
9848
986
9860
9867
987
9873
9875
9884
9892
9893
990
9901
9910
9917
9924
993
9937
994
9940
9942
9943
995
996
9979
9983
9987
9991